layers: [ 1, 2, 3 ]
nodes: [ 30, 50 ]
lr: [ 0.001, 0.0001, 0.000001 ]
alpha: [ 0.1, 0.0005, 0.000001 ]